============================================================================================================================================
CIARP 2026 BENCHMARK SUMMARY TABLE 2 (RETRIEVAL - DTW)
============================================================================================================================================
Method               | Avg. NLCS (%) [95% CI]     | DTW [95% CI]                 | MRR (%) [95% CI]       | Top-5 (%) [95% CI]    
--------------------------------------------------------------------------------------------------------------------------------------------
1. pYIN              | 70.48 [66.6, 74.5]         | 30.05 [27.8, 32.7]           | 9.80 [5.9, 14.6]       | 10.00 [3.8, 17.5]     
2. Melodia           | 74.40 [70.9, 78.2]         | 35.19 [32.3, 38.4]           | 8.01 [4.8, 12.5]       | 8.75 [3.8, 15.0]      
3. SPICE             | 76.13 [73.4, 78.8]         | 36.29 [34.9, 37.9]           | 4.83 [3.7, 6.3]        | 3.75 [0.0, 8.8]       
4. CREPE             | 78.82 [75.9, 81.8]         | 51.79 [49.3, 54.4]           | 7.83 [4.7, 11.6]       | 7.50 [2.5, 13.8]      
5. RMVPE             | 43.80 [40.0, 47.7]         | 26.22 [22.2, 30.5]           | 7.19 [4.8, 10.2]       | 7.50 [2.5, 13.8]      
6. FCN-f0            | 79.07 [75.9, 81.8]         | 34.42 [33.0, 36.0]           | 8.52 [5.2, 12.7]       | 11.25 [3.8, 18.8]     
7. CREPE + pYIN      | 77.39 [74.9, 79.8]         | 52.01 [49.5, 54.9]           | 5.69 [3.7, 8.5]        | 5.00 [1.2, 10.0]      
8. Demucs + CREPE    | 77.64 [75.3, 80.2]         | 54.29 [51.5, 57.4]           | 7.34 [5.0, 10.6]       | 11.25 [5.0, 18.8]     
============================================================================================================================================

===============================================================================================
CIARP 2026 BENCHMARK SUMMARY TABLE 3 (BINARY CLASSIFICATION)
===============================================================================================
Method               | Opt. Thresh  | F1-Score   | Precision  | Recall     | TP     | FP     | FN     | TN    
-----------------------------------------------------------------------------------------------
1. pYIN              | 0.8700       | 0.0324     | 0.0175     | 0.2250     | 18     | 1013   | 62     | 5307  
2. Melodia           | 0.9700       | 0.0420     | 0.0476     | 0.0375     | 3      | 60     | 77     | 6260  
3. SPICE             | 0.8200       | 0.0295     | 0.0153     | 0.4375     | 35     | 2259   | 45     | 4061  
4. CREPE             | 0.9100       | 0.0348     | 0.0189     | 0.2250     | 18     | 936    | 62     | 5384  
5. RMVPE             | 0.5800       | 0.0351     | 0.0188     | 0.2625     | 21     | 1096   | 59     | 5224  
6. FCN-f0            | 0.9500       | 0.0500     | 0.0375     | 0.0750     | 6      | 154    | 74     | 6166  
7. CREPE + pYIN      | 0.7900       | 0.0273     | 0.0140     | 0.5125     | 41     | 2888   | 39     | 3432  
8. Demucs + CREPE    | 0.8500       | 0.0308     | 0.0161     | 0.3375     | 27     | 1649   | 53     | 4671  
===============================================================================================
